0 0 255
0 11 255
0 19 255
0 26 255
0 33 255
0 39 255
0 46 255
0 52 255
0 58 255
0 64 255
0 69 255
0 75 255
0 80 255
0 86 255
0 91 255
0 97 255
0 102 255
0 107 255
0 112 255
0 118 255
0 123 255
0 128 255
0 133 255
0 138 255
0 143 255
0 148 255
0 153 255
0 158 255
0 163 255
0 168 255
0 173 255
0 178 255
0 183 255
0 188 255
0 193 255
0 198 255
0 202 255
0 207 255
0 212 255
0 217 255
0 222 255
0 227 255
0 232 255
0 236 255
0 241 255
0 246 255
0 251 255
0 255 253
0 255 241
0 255 228
0 255 215
0 255 202
0 255 189
0 255 175
0 255 162
0 255 147
0 255 133
0 255 117
0 255 102
0 255 85
0 255 68
0 255 49
0 255 28
1 255 0
11 255 0
18 255 0
25 255 0
32 255 0
38 255 0
44 255 0
50 255 0
56 255 0
62 255 0
67 255 0
73 255 0
78 255 0
84 255 0
89 255 0
94 255 0
99 255 0
104 255 0
109 255 0
115 255 0
120 255 0
125 255 0
130 255 0
135 255 0
140 255 0
145 255 0
149 255 0
154 255 0
159 255 0
164 255 0
169 255 0
174 255 0
179 255 0
184 255 0
188 255 0
193 255 0
198 255 0
203 255 0
208 255 0
213 255 0
217 255 0
222 255 0
227 255 0
232 255 0
237 255 0
242 255 0
247 255 0
251 255 0
255 254 0
255 248 0
255 243 0
255 238 0
255 232 0
255 227 0
255 221 0
255 215 0
255 210 0
255 204 0
255 198 0
255 192 0
255 186 0
255 180 0
255 174 0
255 167 0
255 161 0
255 155 0
255 148 0
255 141 0
255 134 0
255 127 0
255 120 0
255 113 0
255 105 0
255 98 0
255 90 0
255 82 0
255 74 0
255 65 0
255 56 0
255 47 0
255 37 0
255 26 0
255 14 0
255 0 0
255 0 0
255 0 0
255 0 0
255 0 0
255 0 0
255 0 0
255 0 0
255 0 0
255 0 0
255 0 0
255 0 0
255 0 0
255 0 0
255 0 0
255 0 0
255 0 0
255 0 0
255 0 0
255 0 0
255 0 0
255 0 0
255 0 0
255 0 0
255 0 0
252 0 0
248 0 0
244 0 0
239 0 0
235 0 0
230 0 0
225 0 0
221 0 0
216 0 0
211 0 0
206 0 0
201 0 0
196 0 0
191 0 0
186 0 0
181 0 0
175 0 0
170 0 0
165 0 0
159 0 0
153 0 0
148 0 0
142 0 0
136 0 0
130 0 0
123 0 0
117 0 0
111 0 0
104 0 0
